989
2713
 831
 766
3166
3329
 215
3818
4090
1773
3180
2633
  69
  20
1843
2210
 916
 848
1618
 654
 797
4043
2655
1968
3550
 849
1539
 288
3313
 582
3181
2022
3655
2800
 246
2927
3693
1488
 443
3907
 677
2586
3271
3256
2472
 479
3570
2358
4025
 944
1443
3053
1459
1512
3661
2286
 847
 382
 986
3814
4000
1696
2371
 740
1017
4021
1319
3155
2494
2284
 727
 946
3384
 605
2282
1926
4053
  14
2918
3304
1902
 314
 550
1351
1805
1564
 166
3565
 755
 794
1872
3377
 140
3108
 772
 369
2186
2387
3534
 799
  79
 611
1220
 371
 207
2701
3294
 101
1168
1764
1059
2352
 732
1766
 954
3740
2462
4087
3345
3005
3010
3768
2454
 451
2592
3856
 689
 544
3847
2144
3484
2680
1094
  58
3410
2794
1425
 947
1487
 895
3815
3495
  10
 426
1630
2114
2628
2667
2856
 971
2228
 328
3986
3685
3599
1468
3081
1030
 445
1972
3559
 940
2868
3926
 306
2833
 492
 281
1215
2184
 900
 779
3403
1473
 433
 791
3784
1593
2716
2936
2644
2265
3555
 261
2495
2607
3303
1584
2746
 549
3474
 380
 493
3774
 829
2303
 776
 587
  70
 396
3321
3892
  28
3259
 718
2145
 130
1713
1907
1358
2754
2076
1527
2828
2069
3392
 731
 373
1378
1609
3828
2973
1350
1259
2977
1682
2176
 828
2425
3033
2189
 311
2990
1637
 868
2054
2363
1471
1423
2917
 805
1348
 922
 320
3263
3302
 469
 482
3878
2498
1808
1978
2961
 811
 568
1847
1453
3260
2456
 217
1327
 318
2392
3144
2277
 659
 712
1850
 786
2212
1851
  82
2945
1709
1050
3394
2896
3130
3442
2894
2295
 646
4080
1762
3832
3708
1449
3646
1673
1131
 793
1827
1837
 691
3022
 495
2757
  35
2341
1953
 146
1363
 862
 666
2616
 484
1486
2168
 103
3896
3589
3721
1554
3425
 798
1761
2770
3577
 506
2148
1235
1981
 452
2602
2082
3978
2577
3296
 929
3732
1268
1077
1242
2889
  83
3282
 647
2056
3677
 427
 678
3289
3924
2420
 468
3940
2368
1433
 738
2073
2243
 657
1548
3412
3133
 116
1390
2830
 376
 210
2183
 965
3477
3292
1495
3356
3154
2845
 228
3018
1745
 354
1263
 586
3945
1004
2502
3868
2976
3631
2066
3669
 395
 945
2584
2221
2361
3441
3605
1171
1735
 817
4065
1624
1865
 709
3277
 880
1145
1756
2395
1810
 483
1087
3109
 183
2750
2506
2892
3749
1767
 102
3418
 867
 126
 747
1809
2200
1710
4017
3409
3169
4058
 765
2046
2206
 187
 588
3943
  33
3603
3134
 661
1736
3539
 337
 708
1547
2995
4037
3970
 579
2707
 296
 883
1279
2703
2400
 345
1679
3348
3459
1694
 675
3444
2838
 980
3505
3679
2167
1066
 941
3684
2609
3219
2769
1563
1217
 449
3976
  78
4042
2540
2268
1774
2813
1670
1777
 473
3216
3325
1101
 487
1998
3261
1967
4016
2153
 953
4075
3522
1015
3056
3723
1122
 878
  56
2343
 988
1994
2579
 835
 652
2204
1583
2190
2025
1940
3210
 254
 870
  41
1211
2751
 403
 135
1870
 151
2956
2245
3343
2085
1759
1857
 823
 968
1383
3492
3299
2500
3590
3968
 148
 721
3793
2345
3491
1480
2324
3602
2223
2737
3211
 995
1230
1652
4052
2305
4050
2338
 854
1052
2317
  11
2271
3641
   5
3138
1903
3660
3298
3649
1989
 237
1806
  42
 195
2686
2213
 853
 710
1739
2013
2306
2052
3218
3224
 609
2465
2786
1045
3724
3315
3821
3179
3758
 956
3781
 347
1068
1053
1579
1056
3902
 627
 205
2723
 416
2799
2139
3221
2866
 872
2527
2382
2704
3388
3769
3827
3016
2860
3143
3264
3041
3803
3582
 393
 470
3858
1507
1380
2196
3718
3369
2904
1631
1536
2346
2041
3906
1669
3450
3941
3393
1136
1252
1107
4064
3030
3489
2756
1984
3518
2590
 856
2514
2510
 813
3790
2545
 684
3974
1384
2192
3869
4072
1665
2255
3958
3922
1336
2882
1436
3399
 454
4045
2086
1256
1162
3686
2459
3291
1370
2453
1427
3198
1274
3662
3551
 851
3454
1272
3290
 552
 350
2165
  12
 639
3120
 502
3528
 285
 928
1157
1959
2023
1293
4047
 313
1409
1592
 670
2594
1125
 824
2727
1752
2291
3532
3101
  71
3112
 600
 186
3761
 599
2982
1207
3182
2832
1398
3457
 840
 619
2980
2033
1899
 658
1233
3859
1212
2224
1971
2989
 628
1852
  92
3611
1159
 160
2028
 437
1079
2075
3767
2376
2721
2006
3962
 759
3873
2019
2930
3651
3338
2005
3947
2301
2895
3397
1096
3813
2937
2916
2138
1084
3517
2396
  85
1303
1876
2458
3449
3331
 985
3895
1504
 132
3333
1970
1704
3126
2199
3923
1345
3255
1123
3327
 444
1098
 397
3209
3472
 574
 816
1795
 230
2998
2642
  66
 707
1206
1150
2232
2767
3897
1356
 896
1798
3877
 431
 424
3387
2008
1302
1430
 442
2933
 863
2676
1923
 152
1834
3328
3681
 170
2404
3795
 976
2248
3720
3047
1013
3802
   1
 937
1957
2621
2182
2762
1785
2865
3667
2260
3543
1429
3097
 330
1109
1510
2898
1426
2513
2102
 827
 498
2039
 457
1292
 278
  59
1085
2193
2435
2781
2447
 879
2307
2981
2211
3286
2149
3080
3067
3386
2201
1543
4018
 145
 911
1741
2321
1298
2925
3004
1311
 351
 359
 213
3241
 414
2369
1987
3643
1331
2777
3980
1794
3999
2994
3801
 651
1361
1900
2944
1666
3332
 729
3115
1040
4031
1601
 546
2274
 292
1559
3215
1790
2070
3039
1575
2483
1891
 185
1222
1187
3762
3709
 363
2726
 115
3129
  99
1428
2473
2809
3713
 585
 233
 998
2493
 422
3167
 762
3658
2814
3257
4054
 131
2497
3359
2624
2600
2219
 591
2355
1346
1687
2045
1342
2877
3040
3830
 886
 507
2923
3178
1896
 723
1046
1352
1454
1108
2523
 726
1435
1677
1503
1267
2273
3562
3614
3581
2290
 257
3839
3340
1947
1120
3275
2315
3297
 533
 263
 327
 358
 521
2147
2669
1647
3874
 960
1974
3564
3243
 255
2867
3082
3104
1894
1395
2766
1322
1195
  27
 377
3549
3613
  24
3666
 150
1911
  44
3712
2784
 859
2441
3829
1988
 165
3311
3479
 267
3227
1305
1765
2241
3530
3231
 688
2480
3838
1416
2374
1097
1598
1229
2611
3076
1464
1221
2195
2263
3561
3077
3249
 508
 789
2672
3225
1057
3037
3147
3152
2119
4068
1651
2171
2864
2578
3987
 604
3312
3573
3069
2761
3609
 815
3536
1680
2377
 136
1420
3804
  89
2518
2163
 386
3622
4004
 724
3992
3246
1996
2489
1308
2829
1626
1362
3983
 790
 857
 384
2598
3352
1913
3575
4036
3913
 204
1615
2755
2258
1789
1493
1781
3204
3208
3193
 764
4059
 295
2468
4032
 714
2422
2599
3042
 178
2209
1127
 265
2556
1823
2620
3363
1962
2678
3060
2160
2393
 889
 822
1299
2796
1491
1915
3201
2233
1772
1538
1441
 608
4023
3777
2461
1723
 465
2071
1755
2364
 781
 713
3458
1600
3967
2638
2287
1602
3849
1768
4027
2170
2269
2218
3620
 156
3810
2061
2330
 412
 979
2861
2475
1936
3912
3367
3574
3616
2558
 448
2107
1332
3972
2272
2410
3344
1250
1760
2057
2537
3511
1246
1921
 446
1979
1969
2543
2992
2587
2044
 570
1485
2302
 513
 429
2659
1963
3841
3075
 775
1310
3585
 360
 134
3008
 990
2606
3035
2569
 860
3731
1166
 349
1047
1590
3323
 871
2870
  97
2711
1035
  75
 176
3446
2529
1511
3127
 915
1287
3092
2846
3951
1091
3995
1502
3266
 615
3583
 381
2115
2098
 614
1546
 594
3765
3375
1385
1646
1995
 939
3822
2117
 933
1172
 392
 434
2538
1977
3105
2622
2336
 877
3273
3950
1082
  95
3305
2626
1478
2699
 322
1668
1976
2968
1179
3579
 668
3095
1656
1890
 620
 455
3727
1095
  15
1341
1389
4044
2065
1407
 761
 279
 411
4067
 558
2104
3957
3903
1010
2089
2696
 143
1262
3973
 836
2886
3961
3098
3433
1799
2922
1174
1711
1629
3307
3516
2365
 235
 244
2689
3423
 342
   6
 943
1740
 830
2520
 832
3382
1138
1300
2605
1271
2825
2367
2654
 975
2083
 808
3314
1853
 218
2840
1412
3036
1659
3170
2238
1386
2681
2568
2340
2887
1128
1373
1929
2270
1016
2063
1703
2084
2181
4034
2105
1820
1110
2542
2780
1941
2125
3746
2941
1747
1359
2581
4076
2414
3228
2673
3739
2848
1001
1905
 432
1284
2235
2988
3160
3764
 372
3716
2504
  54
2774
2650
1185
 197
1731
 111
 589
 501
2444
1445
1020
3285
1379
2360
 329
 680
 936
1261
1695
2449
3808
 208
1144
1506
1051
2806
1248
3002
2837
2169
1227
2485
 906
1482
3476
 532
1226
3744
 564
1294
1391
1474
2188
1942
2555
1660
 232
4097
3984
3825
 226
3763
2663
3627
1393
3944
4024
 590
2099
4030
2159
2820
 294
3525
1883
3529
 503
1804
 471
 231
 741
 138
3462
 866
3365
 891
3480
2857
3786
1635
2507
 575
2299
1623
2118
2015
3545
3137
3591
2508
 404
1088
1202
1801
2283
 602
3756
 283
1149
1620
  40
3470
2823
2042
2695
1099
3742
1961
4089
 819
2059
 855
1406
 735
1048
2127
 681
1658
4077
3969
  52
1060
 340
 882
 700
3542
1143
1892
1451
1724
3062
3049
3691
2293
2227
3287
1067
4048
 385
 488
3148
2613
1064
1365
1115
 478
 685
1728
1572
3184
3496
  68
1465
3567
1588
2768
3527
  88
2647
  63
3618
2743
1640
2503
3326
3929
2366
3003
 379
1198
1918
3232
2964
3205
 212
3381
 981
 368
 520
2912
2384
3065
 229
3884
1621
2003
2078
1580
 699
3759
2225
1514
1043
  43
1751
3202
1498
2854
3419
2700
3546
2712
  30
4062
3068
3023
2648
2037
2318
1151
 957
2954
3234
 923
3933
3103
 485
 983
2580
2187
1521
2413
 561
3019
1569
1792
2733
3751
2140
3540
3164
1032
 100
2135
3584
3027
3597
1411
1034
3341
 323
3538
3752
1591
1904
 497
3586
 141
3424
4035
2319
1236
3664
   4
 698
2519
1258
1323
4013
2582
 969
2062
1009
1513
 164
2359
 198
3374
2718
3842
 643
3278
2752
1945
3851
 206
1927
 625
1450
1586
2573
2055
1797
  91
2618
3819
3508
1193
 387
2803
3213
3647
 301
1142
3938
2348
 243
 951
3469
1859
3110
 331
1943
 172
3547
 632
2697
3656
1684
1118
2818
 924
3087
2337
2627
3272
 672
 908
1461
 598
3061
  36
1888
1251
 273
1100
 272
1076
2092
 251
 239
3576
1813
1958
3755
 617
1786
 169
2763
1920
2946
1729
2488
3497
 534
 182
2949
1862
1014
 528
1249
2817
4038
4088
 581
  86
 572
 525
3150
2801
1574
2050
1218
 754
2901
 987
1463
1392
2547
3015
1124
3149
3461
2391
1457
1078
 963
1587
3074
 728
 734
3229
 423
1531
2399
2146
2899
2975
1282
 705
3738
2427
2496
1939
1090
 153
1612
 510
2214
3355
3026
2335
 745
3711
2429
2685
3185
 942
3524
2389
1041
2486
2239
2372
3420
1737
 523
3645
 631
 430
3836
   8
 374
3705
 551
 674
 463
 343
2064
3368
2722
1022
1018
3214
3780
 648
2154
2381
2300
3798
2430
1796
3233
2771
2499
  13
1821
1224
1928
3700
 885
 259
1589
1210
 909
2996
 112
 518
2440
2552
3406
3909
1616
 873
3750
 398
 262
2484
2656
1884
3498
4002
2979
3493
2126
4006
2001
2067
3481
 494
1715
1470
 538
2088
 537
1692
1523
1882
 910
1490
2157
2677
1932
3531
1633
1848
 319
1836
3475
 338
3698
1270
3118
1260
1405
 184
 370
3848
3199
1842
 298
3402
3506
3440
3846
3834
2421
2997
1186
1357
 439
1686
3710
 355
 701
 515
2550
1576
 767
2993
2635
 460
 302
3079
 181
3916
 934
1528
 703
1462
2058
 800
2632
3200
2735
1146
2900
 219
3890
3894
1169
 536
2567
2822
1377
3012
1784
1312
 624
3607
1329
2079
3745
3025
 275
3580
3173
1525
2855
3959
1828
 481
 407
 399
1749
2942
 540
3320
2080
 641
3887
1208
2267
1753
2002
3171
 526
  84
1496
3226
 297
3735
3694
1952
1549
1038
2450
 367
 361
3513
 499
2574
1826
2434
3217
2113
 500
2971
2810
1381
  96
1054
1237
2691
 366
2629
3861
 702
2108
2289
1807
1403
2051
1516
2548
1241
1012
2658
2246
4079
3267
 663
2773
1699
2885
 418
 769
 388
1935
2205
3725
 173
2448
4083
2310
3876
3714
2443
3659
2890
3364
 333
2876
1566
2379
 795
3086
 931
 211
3862
2950
2808
1830
 973
2281
 966
1148
3788
  31
3336
3422
1025
2849
3671
1993
2091
1645
2764
2231
1164
3142
2464
 282
2053
3482
1307
 716
3998
 571
3465
2934
2745
2881
3089
3051
1758
1661
1552
1155
1296
2554
 299
1000
2583
2597
3523
2623
 408
2423
3953
 332
3464
3544
3760
 161
3453
2409
3293
1716
2662
3757
1636
  76
3203
2452
3650
1257
2460
1320
3785
2738
1364
2536
 486
1180
2748
3146
3334
 974
 110
1508
 191
2047
1555
2516
 820
2522
2744
 613
1402
2191
1750
 312
3997
1309
1944
1086
3014
1744
 888
2819
3654
 545
 535
2242
1783
1415
 629
 456
2603
 113
 194
1112
2821
1360
 419
4029
3468
3437
1560
1283
2985
3843
4001
 977
 284
2608
  64
3931
  73
2275
4092
3816
3737
3766
1611
4073
  67
2297
 157
3949
3116
2924
 890
  37
3020
2966
3642
1815
 240
3220
1817
2128
1349
1330
2136
 596
1822
1705
 563
1874
1276
 405
 133
3187
2198
1916
2143
3719
3840
1421
 155
2426
2133
1196
 876
3883
3568
2090
1419
 472
3175
1315
2991
2692
2378
1289
3339
 887
1722
3111
3796
 303
 918
1401
2630
2406
3844
2471
 554
2791
3050
3683
2311
2216
 276
1838
1214
2068
 841
2032
1856
  22
 142
2928
1456
 814
2457
2841
3151
2072
 421
3594
 391
2657
2533
2474
1526
1063
3776
 389
1605
 344
2314
3136
2110
3011
 321
2512
2759
2096
 996
 256
1743
2020
1955
3979
3946
1071
1573
3966
3439
  19
2807
3467
2914
3176
 179
1152
1297
3247
 109
3676
 415
1245
 610
2575
2984
1655
1223
 519
2931
1986
 948
4086
2437
 291
2720
2194
2244
1599
3571
3361
 751
2789
3000
2309
1325
 773
 706
2043
 300
2247
2576
2011
2164
3043
2252
3866
1505
2455
1811
 348
2687
1062
  65
3093
2094
2844
2035
2850
3123
2012
3639
3715
2873
2124
 400
2208
 227
2230
3558
3235
1413
3898
2362
 630
1558
 961
1410
2549
3456
3994
1551
2740
2097
2482
3250
3288
 938
1930
2237
3445
1029
  38
2141
1732
 477
1192
 290
  57
2215
 196
 921
2524
1397
2155
1973
 803
1129
2222
3537
4061
 154
2158
 994
3032
3729
2122
1956
2874
2517
2325
2776
3309
1676
2902
1845
 253
 771
 406
3703
1893
3099
3349
2501
2383
3354
 664
1103
4015
2705
1800
1140
1906
2847
2349
2331
1006
3510
1156
1654
2715
1011
3837
 543
2920
3900
2446
2834
3604
1438
3964
 428
 865
  46
2951
2060
1880
 221
3911
2649
3274
3648
1254
2911
3466
3919
  39
  87
1595
3426
2539
2962
3606
 717
 642
1726
1417
2264
3799
1530
3353
1717
1244
1924
3351
3634
2758
 511
2388
1049
2732
1537
2639
3512
4093
2329
1542
3623
3596
3428
1604
2123
 796
 692
 671
 378
2787
1290
1950
2226
3812
 105
2641
 413
1479
1021
1321
3965
3600
3085
2261
1594
2571
2682
2741
2851
1925
 539
2957
1092
3826
 286
 837
 108
2339
3045
  32
1812
1372
1306
3747
1285
2683
1387
1860
3633
2953
3921
1369
2202
2103
1545
2469
3379
1324
2646
2016
1374
3857
 576
3625
1861
1432
2418
1954
 920
 852
1105
3240
1934
1675
 462
3563
3407
 801
1990
2081
1819
3794
3867
3430
1557
1281
 753
3488
1286
2871
2831
2298
  90
3413
2798
3598
 247
2665
4012
 607
1644
 693
2739
 623
2401
3560
3125
 927
2142
  81
2249
2932
1467
3954
1653
2332
 991
2505
4084
3486
3985
 410
1184
 694
  74
2880
 676
2610
 760
2706
2797
2858
2779
2617
1113
3935
2470
 935
3880
 489
3455
 171
 655
1791
2350
2131
1170
3357
2087
3165
 696
3918
2570
1494
2640
1698
 964
1639
 739
1674
1778
2112
1239
3429
2026
3905
2530
3977
4011
2708
 174
3362
3168
2531
 592
 117
 216
 475
 626
2986
 913
3417
2714
1396
 892
1707
1399
2030
1720
3031
 825
1877
3013
1840
3975
3770
3270
 192
2974
3663
2742
 339
2478
 274
 556
3342
3636
4020
1779
1515
 686
3408
 861
 952
 601
1353
  34
1130
4014
 241
 603
3670
2619
1431
 201
2565
3578
1701
1632
 653
2120
2150
3269
1556
1382
 730
 669
2804
2535
3119
1039
1571
2999
1693
1481
1908
2528
1176
 562
1992
1964
 202
1818
3279
 763
  77
2405
2947
2679
3373
1376
3615
3872
 893
3436
1024
1489
2753
 271
1922
2327
3258
2869
 106
2322
2811
2836
3471
3131
1617
  26
3556
1264
1313
2724
   9
 188
2179
3820
1881
2826
3885
1408
2357
2879
2254
3222
2824
3281
3982
2888
 898
2643
3158
3024
2913
3124
1657
1863
 711
  16
2878
3162
 662
2296
4008
 522
 236
2802
1183
3415
3161
3066
 245
 967
2897
3806
2432
3460
1475
1529
2674
1314
4078
2257
2161
1265
2292
1734
 200
3448
3726
3070
1803
1291
3831
2034
 436
3391
3401
2021
1472
 425
1613
3238
2521
3223
3635
2891
2938
1634
1003
 778
 270
1147
1960
1028
3809
1966
1681
1333
2240
3797
3504
3100
1873
1492
3673
 317
1763
3183
2333
2734
3748
 758
2940
 959
1104
2772
4041
2010
3853
3889
2566
1111
1400
2604
3850
 821
1069
3993
3106
 476
 224
1243
 129
1301
  25
3248
3702
1520
3981
 309
 704
3678
3244
3882
 565
3190
1532
3055
3268
2612
1757
1455
 266
2390
3637
3378
1132
1501
3443
2412
 993
 104
2326
3960
  23
1875
3487
2009
1864
3680
3371
 461
3421
3706
3553
2416
4009
1422
1879
 269
3904
3515
3805
3621
1844
 774
3117
1058
3789
3029
1831
 826
1748
2408
3891
2451
 780
1788
3395
3811
2424
1253
1625
3322
3301
 970
2852
3483
2652
2074
2812
2515
1204
3707
 214
  21
3854
2559
1266
3817
3626
3001
2014
3792
 907
1201
 365
 357
 606
2180
3942
3595
1832
1205
1190
1522
 159
1889
2615
1182
3775
1909
 394
3675
3319
  18
  53
2593
2397
 353
2778
 844
1610
3207
3871
  50
2132
1517
 466
 225
 622
3435
1119
3610
1775
3177
2775
  72
3451
 308
3500
 665
1897
2939
2308
3779
3824
1544
3988
 402
3140
2760
2095
1460
1466
   2
 158
  62
 650
1662
1173
1638
1565
2342
3704
2101
1070
3833
2256
3730
1550
1269
4060
3875
1854
 649
 220
 293
3502
1776
1581
1855
 163
 640
2353
 420
1541
1008
2278
1648
1117
2959
 567
 850
1534
3773
3548
 667
1991
2403
3881
1829
 972
3057
 757
 787
3697
1418
 736
2921
1841
2788
 260
2561
2445
1901
4051
3473
3521
1367
1802
1738
1919
3682
1031
2948
2589
1318
2436
1702
1535
1477
1036
 999
1394
3688
3058
2532
 147
2130
1771
2031
3059
1037
 114
2955
1354
3046
1949
1231
1497
 897
1948
3330
1458
1439
1247
3088
1437
1846
3153
2152
  61
 268
 547
3630
2816
2596
 107
4069
2156
3932
 597
2477
1177
2614
3728
1787
3499
2402
2411
1910
 788
2491
1133
1163
2729
1200
1914
2783
3078
3870
3447
1371
 139
4007
3699
2670
 682
3376
 453
1719
3888
1869
1712
 807
3251
3478
3132
 514
 222
1273
1075
 744
 912
 180
 950
3519
3587
2428
2863
2969
3396
2356
 901
2967
1161
1080
4033
1160
1339
3864
  80
1446
 326
2476
1606
  17
2077
 560
1649
 527
2029
2380
1137
1678
 177
2511
 992
1278
3380
2220
1165
2134
 569
2487
3722
 504
 982
2972
 683
1326
1106
1868
 645
3893
4039
1216
1240
2017
1867
1866
 128
 802
3601
 746
 123
3494
2591
2250
3733
2018
3172
3925
 287
2106
3990
2843
2660
 438
 733
1898
3414
3370
2929
2172
3434
 917
2943
3300
1434
2883
3114
3196
 364
1733
 919
2562
2197
1697
1951
 557
1404
2960
 250
2637
 742
1650
1042
3159
 474
1596
3743
2710
2234
1577
 555
1614
3526
2438
 720
1690
3928
3619
4056
 768
3253
1500
 770
4055
2736
3782
3206
3192
2415
4091
 137
3188
3358
 593
 505
 834
2563
 435
2790
2174
 785
3717
 583
1671
 447
1228
2431
2557
1597
1452
3064
2541
2725
2906
2407
 743
3948
2304
2546
3807
 459
 490
4022
2294
1316
 875
1126
 553
2859
2666
 122
1116
1158
 264
 637
2137
3989
1181
1814
 843
2668
3346
 846
2534
3753
3122
 336
 884
3920
3009
2702
1476
  55
2884
2731
3657
3113
3963
 119
 531
2024
  45
 926
3212
1780
1725
 307
1619
 362
 258
3490
 199
3265
3937
1683
1782
1627
3624
2109
2417
3254
 149
2004
 375
 792
 904
3617
3520
2151
3280
1730
 955
4003
2903
1937
 838
 660
 984
4085
2093
4040
3640
1714
1194
1055
1019
2509
 784
3195
2116
2251
2040
2862
2328
1189
  47
1691
2688
 810
3736
  49
1444
 949
1912
2765
 175
1833
 580
 858
1440
1708
2492
 894
4081
3308
2398
 782
2839
2048
2684
2178
3072
 719
3360
1886
2915
1839
2479
4066
2526
2595
3276
 997
3741
1484
1499
2313
4071
 491
3316
3091
 869
1340
4096
3405
1622
3186
2129
 450
3934
3094
1072
1114
1175
2466
3939
3404
3863
2675
1824
1965
1540
2347
2795
   7
1999
 636
3073
 845
 902
1334
 905
1023
  93
1706
1347
2490
3048
3899
2162
1328
4010
3317
2185
1746
3107
2631
2585
3689
 464
 189
1209
 203
2288
3237
 584
3701
2007
3337
 874
 127
 903
3366
2910
1917
 715
2782
  98
 193
3552
1335
2467
3084
2698
4074
 925
2875
3372
 401
2842
 124
3431
1366
3672
1689
1578
 249
3915
 725
1946
1213
2872
1688
2970
2285
2259
3163
3608
1153
 325
3021
3295
1225
3588
1414
1044
1065
2728
2963
2909
2173
3638
 248
3791
1191
1754
 480
3194
 679
3852
4095
4070
2354
1561
3156
2827
1643
 238
1277
3503
3390
 305
2978
1232
2544
1769
4026
2664
2952
 638
2236
 409
 118
2636
 190
3135
 750
1219
3236
 777
3930
1568
2983
2747
3772
1562
1582
1664
   3
1938
1742
1074
  29
1849
 441
2893
3690
1255
 541
2370
2601
3245
 334
2653
3389
 223
3145
2717
3283
3197
2463
3432
1288
2375
2312
3692
2385
  94
3398
1368
 242
3189
 467
3566
1154
3514
1997
3501
 634
1570
3038
4046
 644
3687
3908
 234
 517
 304
1567
 324
1985
2693
3007
1083
1685
2394
2525
1343
3879
1793
1858
2100
4082
1770
 932
1026
 341
3416
3996
 673
 756
2439
1642
3411
3783
 695
 783
 496
2815
2481
2560
1895
3835
 573
2266
1518
3239
 512
3052
3006
 144
1238
3324
 440
 812
1197
 737
 914
1275
2280
2229
 618
 612
 458
 818
3102
1304
2690
2661
1295
 633
3017
3034
1424
2049
2588
3592
1628
1007
3090
1982
 839
1871
1603
 578
1344
3242
 383
2719
1448
2279
3400
 356
3787
 524
2805
2908
 548
1825
2835
2625
3860
2730
 616
3771
 697
 335
 962
1931
2121
 833
2262
3028
1585
1980
1188
3262
3139
3865
3936
 352
 316
 167
2651
1933
1093
 806
3121
3572
2386
3350
2853
1983
3653
4049
2551
3754
3310
2419
 881
2373
3952
3674
2038
3629
2253
2987
 121
3174
1608
 978
3083
2433
 529
4094
3128
3347
2276
4063
 722
 749
1878
 542
3971
2203
1317
 930
3696
2000
2749
2671
4019
3569
3335
 346
1519
1553
3318
3230
 209
3855
 559
 417
3778
 252
3955
3695
2572
1199
1672
1121
4057
2344
2919
3535
 577
1887
3157
2323
3917
2351
 390
3427
2965
 621
1721
3096
3541
2958
3665
2709
 656
1089
 690
2175
3901
3593
3438
  48
 277
3668
3063
  51
2907
1135
2935
 120
 958
  60
3612
1447
3956
3644
3071
3252
1027
1073
1509
 310
 595
3823
2694
1641
1167
1700
 864
3383
3910
1033
 162
 687
2217
1533
 804
3485
1081
2111
1388
2926
 280
 748
1667
2334
 899
3284
 635
1178
2553
1234
2166
3533
2793
 315
3800
1061
3191
2564
1663
 516
3845
3632
1524
1280
2027
 752
2320
 509
3463
1975
3652
3385
1469
3509
1134
1442
1483
3554
3141
1835
2785
1375
1338
3044
 168
2207
2792
3914
 289
1102
3306
3452
1139
4005
4028
2442
3734
1885
1816
 809
1203
2316
2036
1141
1355
1727
2177
1002
 566
3557
3886
2905
3507
 530
2634
 842
1337
3927
1718
1005
3054
3628
2645
1607
3991